0.1 0.740818
0.2 1.14082
0.3 0.845139
0.4 1.24514
0.5 0.922422
0.6 1.32242
0.7 0.979674
0.8 1.37967
0.9 1.02209
1 0.560933
1.1 0.760934
1.2 1.16093
1.3 0.860041
1.4 1.26004
1.5 0.933461
1.6 1.33346
1.7 0.987852
1.8 1.38785
1.9 1.02815
2 0.564259
2.1 1.16426
2.2 0.862504
2.3 1.2625
2.4 1.8625
2.5 1.37978
2.6 0.757238
2.7 1.35724
2.8 1.00547
2.9 0.551812
3 1.15181
3.1 0.853283
3.2 1.25328
3.3 1.85328
3.4 1.37295
3.5 0.753489
3.6 1.35349
3.7 1.00269
3.8 0.550288
3.9 1.15029
4 0.852154
4.1 1.25215
4.2 0.927619
4.3 1.32762
4.4 1.92762
4.5 1.42801
4.6 0.783712
4.7 1.38371
4.8 1.02508
4.9 0.562575
5 1.16257
5.1 0.861257
